RESULTADO PARA sch20.txt

Resultados Tabu Search:   (Tempo: 22.4528 segundos)
h     0.2   0.4   0.6   0.8
k                          
1    4394  3137  3235  4989
2    8430  4847  3206  3423
3    6252  3838  3825  5534
4    9225  5118  3317  3419
5    4215  2640  2317  3314
6    6527  3582  3107  4796
7   10459  6238  4126  4368
8    3920  2145  1729  2099
9    3465  2103  2100  2860
10   4979  2949  2110  2609

Resultados Simulated Annealing:   (Tempo: 22.0135 segundos)
h     0.2   0.4   0.6   0.8
k                          
1    4398  3070  3230  4751
2    8432  4847  3206  3382
3    6252  3838  3825  5534
4    9189  5118  3317  3419
5    4216  2496  2206  3050
6    6527  3583  3107  4798
7   10459  6264  4126  4369
8    3922  2145  1709  2099
9    3467  2096  2069  2805
10   4979  2925  2111  2609