===================================
RESULTADO PARA sch10.txt
===================================

============================TABU SEARCH============================
Resultados Tabu Search:   (Tempo: 12.0476 segundos)
h    0.2   0.4   0.6   0.8
k                         
1   1938  1025   856   998
2   1042   615   877  1432
3   1586   940   927  1301
4   2139  1251   815   943
5   1214   630   550   873
6   1521   909   770   904
7   2170  1498  1101  1283
8   1720  1020   610   560
9   1577   876   583   585
10  1869  1136   710   815
--------------------------------------
Melhor Solucao do Busca Tabu:
    1. Trabalho 10
    2. Trabalho 9
    3. Trabalho 1
    4. Trabalho 5
    5. Trabalho 8
    6. Trabalho 3
    7. Trabalho 6
    8. Trabalho 7
    9. Trabalho 4
   10. Trabalho 2
====================================================================


==========================SIMULATED ANNEALING===========================
Resultados Simulated Annealing:   (Tempo: 16.8547 segundos)
h    0.2   0.4   0.6   0.8
k                         
1   1936  1025   857   998
2   1042   615   877  1432
3   1586   917   927  1301
4   2139  1230   816   939
5   1187   630   550   820
6   1521   908   772   904
7   2170  1374  1101  1283
8   1720  1020   610   562
9   1577   876   583   585
10  1869  1138   710   815
-------------------------------------------------
Melhor Solucao do Simulated Annealing:
    1. Trabalho 10
    2. Trabalho 9
    3. Trabalho 1
    4. Trabalho 5
    5. Trabalho 8
    6. Trabalho 3
    7. Trabalho 6
    8. Trabalho 7
    9. Trabalho 4
   10. Trabalho 2
====================================================================